17
I         	0	0.558722	0.158025	0.738724	0.429538	0.0798346	0.651511	0.419299	0.312919	0.528104	0.486528	0.648111	0.601255	0.54619	0.651602	0.609253	0.546114	
II        	0.558722	0	0.439502	0.306512	0.169978	0.501246	0.145897	0.182079	0.297884	0.0434338	0.0991457	0.140133	0.06405	0.0181957	0.146052	0.0766082	0.809154	
III       	0.158025	0.439502	0	0.657447	0.291284	0.0791895	0.550123	0.279814	0.162952	0.403776	0.355862	0.546006	0.489765	0.424834	0.550234	0.499299	0.592026	
IV        	0.738724	0.306512	0.657447	0	0.452894	0.700183	0.168134	0.462765	0.553828	0.345348	0.393694	0.173846	0.247317	0.322763	0.167979	0.235432	0.893952	
V         	0.429538	0.169978	0.291284	0.452894	0	0.362121	0.308231	0.012509	0.134727	0.127485	0.0720464	0.302896	0.231507	0.15241	0.308375	0.243416	0.741107	
VI        	0.0798346	0.501246	0.0791895	0.700183	0.362121	0	0.603042	0.351221	0.239056	0.468001	0.423128	0.599284	0.547712	0.487618	0.603143	0.556485	0.566367	
VII       	0.651511	0.145897	0.550123	0.168134	0.308231	0.603042	0	0.319489	0.425297	0.188138	0.241548	0.00910974	0.0826189	0.163502	0.00418611	0.0700718	0.854209	
VIII      	0.419299	0.182079	0.279814	0.462765	0.012509	0.351221	0.319489	0	0.122445	0.139751	0.0844583	0.314195	0.243292	0.164584	0.319632	0.255129	0.735425	
IX        	0.312919	0.297884	0.162952	0.553828	0.134727	0.239056	0.425297	0.122445	0	0.257785	0.204786	0.420465	0.355157	0.28136	0.425427	0.366136	0.673641	
X         	0.528104	0.0434338	0.403776	0.345348	0.127485	0.468001	0.188138	0.139751	0.257785	0	0.0559529	0.182456	0.107186	0.0254182	0.188292	0.119644	0.793612	
XI        	0.486528	0.0991457	0.355862	0.393694	0.0720464	0.423128	0.241548	0.0844583	0.204786	0.0559529	0	0.235999	0.162166	0.0812555	0.241698	0.174429	0.771936	
XII       	0.648111	0.140133	0.546006	0.173846	0.302896	0.599284	0.00910974	0.314195	0.420465	0.182456	0.235999	0	0.0767717	0.157769	0.00761805	0.0642138	0.85261	
XIII      	0.601255	0.06405	0.489765	0.247317	0.231507	0.547712	0.0826189	0.243292	0.355157	0.107186	0.162166	0.0767717	0	0.0819907	0.0827768	0.0129277	0.830179	
XIV       	0.54619	0.0181957	0.424834	0.322763	0.15241	0.487618	0.163502	0.164584	0.28136	0.0254182	0.0812555	0.157769	0.0819907	0	0.163657	0.0945131	0.802835	
XV        	0.651602	0.146052	0.550234	0.167979	0.308375	0.603143	0.00418611	0.319632	0.425427	0.188292	0.241698	0.00761805	0.0827768	0.163657	0	0.07023	0.854252	
XVI       	0.609253	0.0766082	0.499299	0.235432	0.243416	0.556485	0.0700718	0.255129	0.366136	0.119644	0.174429	0.0642138	0.0129277	0.0945131	0.07023	0	0.834061	
Mit       	0.546114	0.809154	0.592026	0.893952	0.741107	0.566367	0.854209	0.735425	0.673641	0.793612	0.771936	0.85261	0.830179	0.802835	0.854252	0.834061	0	
