17
I         	0	0.00153046	0.00214445	0.00220769	0.00151523	0.00144211	0.00207077	0.00137114	0.00107639	0.00141607	0.00197896	0.00156919	0.00176176	0.0012269	0.00189304	0.00190448	0.0890367	
II        	0.00153046	0	0.00101608	0.000692724	0.000653651	0.000997291	0.000555797	0.000457547	0.000827238	0.0007719	0.00049219	0.000756521	0.000401035	0.000791426	0.000490071	0.000518366	0.087613	
III       	0.00214445	0.00101608	0	0.0013724	0.000629221	0.000896677	0.00108639	0.00077331	0.00154807	0.000855728	0.00135852	0.000891647	0.00099387	0.000917556	0.00137865	0.00119457	0.0868922	
IV        	0.00220769	0.000692724	0.0013724	0	0.000988625	0.00135361	0.000342267	0.000947854	0.0014961	0.00112822	0.000285318	0.00111284	0.00053149	0.00136311	0.000544963	0.000311291	0.0869788	
V         	0.00151523	0.000653651	0.000629221	0.000988625	0	0.000873637	0.000674182	0.000520672	0.000918849	0.000453213	0.000974741	0.000495751	0.000463768	0.000905018	0.000994878	0.000779169	0.0875214	
VI        	0.00144211	0.000997291	0.000896677	0.00135361	0.000873637	0	0.00106543	0.000656873	0.000885223	0.000731697	0.00133973	0.000572479	0.000822123	0.000566795	0.00135987	0.00114416	0.0875946	
VII       	0.00207077	0.000555797	0.00108639	0.000342267	0.000674182	0.00106543	0	0.000810927	0.00135917	0.000785955	0.000328384	0.000770576	0.000309006	0.00122618	0.000408036	0.000409436	0.0870825	
VIII      	0.00137114	0.000457547	0.00077331	0.000947854	0.000520672	0.000656873	0.000810927	0	0.000774759	0.000431482	0.000719124	0.0004403	0.000556992	0.000451008	0.000702993	0.000751031	0.0876655	
IX        	0.00107639	0.000827238	0.00154807	0.0014961	0.000918849	0.000885223	0.00135917	0.000774759	0	0.000770662	0.00126737	0.000857597	0.00113431	0.000715799	0.00120285	0.0013081	0.0884403	
X         	0.00141607	0.0007719	0.000855728	0.00112822	0.000453213	0.000731697	0.000785955	0.000431482	0.000770662	0	0.00111434	0.000313876	0.000596732	0.000763078	0.00113448	0.000918766	0.0877479	
XI        	0.00197896	0.00049219	0.00135852	0.000285318	0.000974741	0.00133973	0.000328384	0.000719124	0.00126737	0.00111434	0	0.00109896	0.000517607	0.00113438	0.000374789	0.000308711	0.0872641	
XII       	0.00156919	0.000756521	0.000891647	0.00111284	0.000495751	0.000572479	0.000770576	0.0004403	0.000857597	0.000313876	0.00109896	0	0.000581353	0.000724607	0.0011191	0.000903387	0.0877475	
XIII      	0.00176176	0.000401035	0.00099387	0.00053149	0.000463768	0.000822123	0.000309006	0.000556992	0.00113431	0.000596732	0.000517607	0.000581353	0	0.000917176	0.000537744	0.000434234	0.087306	
XIV       	0.0012269	0.000791426	0.000917556	0.00136311	0.000905018	0.000566795	0.00122618	0.000451008	0.000715799	0.000763078	0.00113438	0.000724607	0.000917176	0	0.001154	0.00113538	0.0878098	
XV        	0.00189304	0.000490071	0.00137865	0.000544963	0.000994878	0.00135987	0.000408036	0.000702993	0.00120285	0.00113448	0.000374789	0.0011191	0.000537744	0.001154	0	0.000305871	0.0872374	
XVI       	0.00190448	0.000518366	0.00119457	0.000311291	0.000779169	0.00114416	0.000409436	0.000751031	0.0013081	0.000918766	0.000308711	0.000903387	0.000434234	0.00113538	0.000305871	0	0.0871322	
Mit       	0.0890367	0.087613	0.0868922	0.0869788	0.0875214	0.0875946	0.0870825	0.0876655	0.0884403	0.0877479	0.0872641	0.0877475	0.087306	0.0878098	0.0872374	0.0871322	0	
