17
I         	-1.11022e-16	0.000422864	0.000318681	0.000734269	0.000362875	0.000315886	0.00061686	0.000287269	0.000220177	0.000354617	0.000649897	0.000409018	0.00050799	0.000252231	0.00056972	0.00068187	0.163322	
II        	0.000422864	-1.11022e-16	0.000127697	6.89528e-05	5.02507e-05	8.64419e-05	4.20087e-05	3.66776e-05	0.000121983	4.53517e-05	3.97859e-05	3.60071e-05	2.55431e-05	6.16418e-05	3.57859e-05	4.63659e-05	0.153985	
III       	0.000318681	0.000127697	0	0.000215888	8.16456e-05	0.000103578	0.000165544	6.7005e-05	0.000180248	8.70964e-05	0.000199469	0.000125357	0.000128728	8.70925e-05	0.000148995	0.000193593	0.153109	
IV        	0.000734269	6.89528e-05	0.000215888	0	0.000115981	0.000195207	1.74385e-05	0.000127991	0.000315435	8.96696e-05	1.3563e-05	8.61188e-05	3.3393e-05	0.000173728	2.93119e-05	1.5376e-05	0.150208	
V         	0.000362875	5.02507e-05	8.16456e-05	0.000115981	5.55112e-17	8.32077e-05	6.9857e-05	2.96125e-05	0.00011233	3.64793e-05	8.68177e-05	4.08328e-05	5.24051e-05	5.30733e-05	5.2268e-05	8.99232e-05	0.153146	
VI        	0.000315886	8.64419e-05	0.000103578	0.000195207	8.32077e-05	0	0.000150652	6.69201e-05	9.25516e-05	6.51238e-05	0.000145803	4.13298e-05	0.000100031	3.55415e-05	0.000133502	0.000150868	0.156086	
VII       	0.00061686	4.20087e-05	0.000165544	1.74385e-05	6.9857e-05	0.000150652	1.11022e-16	8.38145e-05	0.000250132	6.45627e-05	1.3503e-05	5.72555e-05	1.33671e-05	0.000123229	2.25805e-05	2.43219e-05	0.150955	
VIII      	0.000287269	3.66776e-05	6.7005e-05	0.000127991	2.96125e-05	6.69201e-05	8.38145e-05	5.55112e-17	7.10547e-05	3.43181e-05	9.44757e-05	4.80516e-05	5.85482e-05	2.63498e-05	6.36701e-05	0.00010138	0.154926	
IX        	0.000220177	0.000121983	0.000180248	0.000315435	0.00011233	9.25516e-05	0.000250132	7.10547e-05	0	0.000131179	0.00024161	0.000119422	0.000196759	7.10664e-05	0.000199571	0.000236583	0.158479	
X         	0.000354617	4.53517e-05	8.70964e-05	8.96696e-05	3.64793e-05	6.51238e-05	6.45627e-05	3.43181e-05	0.000131179	0	7.27768e-05	2.1003e-05	3.58896e-05	3.60468e-05	5.8971e-05	7.48433e-05	0.154603	
XI        	0.000649897	3.97859e-05	0.000199469	1.3563e-05	8.68177e-05	0.000145803	1.3503e-05	9.44757e-05	0.00024161	7.27768e-05	-1.11022e-16	5.76544e-05	2.33414e-05	0.00013078	1.93204e-05	1.33793e-05	0.151554	
XII       	0.000409018	3.60071e-05	0.000125357	8.61188e-05	4.08328e-05	4.13298e-05	5.72555e-05	4.80516e-05	0.000119422	2.1003e-05	5.76544e-05	-1.11022e-16	2.7922e-05	3.91545e-05	5.67522e-05	6.07092e-05	0.154489	
XIII      	0.00050799	2.55431e-05	0.000128728	3.3393e-05	5.24051e-05	0.000100031	1.33671e-05	5.85482e-05	0.000196759	3.58896e-05	2.33414e-05	2.7922e-05	-1.11022e-16	7.60915e-05	2.22857e-05	3.10126e-05	0.152504	
XIV       	0.000252231	6.16418e-05	8.70925e-05	0.000173728	5.30733e-05	3.55415e-05	0.000123229	2.63498e-05	7.10664e-05	3.60468e-05	0.00013078	3.91545e-05	7.60915e-05	0	0.000102932	0.000135633	0.15697	
XV        	0.00056972	3.57859e-05	0.000148995	2.93119e-05	5.2268e-05	0.000133502	2.25805e-05	6.36701e-05	0.000199571	5.8971e-05	1.93204e-05	5.67522e-05	2.22857e-05	0.000102932	-1.11022e-16	2.05117e-05	0.151549	
XVI       	0.00068187	4.63659e-05	0.000193593	1.5376e-05	8.99232e-05	0.000150868	2.43219e-05	0.00010138	0.000236583	7.48433e-05	1.33793e-05	6.07092e-05	3.10126e-05	0.000135633	2.05117e-05	-1.11022e-16	0.151051	
Mit       	0.163322	0.153985	0.153109	0.150208	0.153146	0.156086	0.150955	0.154926	0.158479	0.154603	0.151554	0.154489	0.152504	0.15697	0.151549	0.151051	0	
