17
I         	0	0.0305519	0.0160947	0.040422	0.0241299	0.0292992	0.0304685	0.0187624	0.0323653	0.0242343	0.0341861	0.0476444	0.0284859	0.0206182	0.0340048	0.0473491	0.643841	
II        	0.0305519	0	0.0149164	0.00328073	0.00312472	0.00666552	0.00247898	0.00403566	0.00669448	0.00447522	0.00184197	0.00425991	0.00308525	0.00493152	0.00317362	0.00477728	0.615851	
III       	0.0160947	0.0149164	0	0.0194537	0.0152988	0.0161115	0.0159538	0.0103843	0.0213675	0.0124828	0.0166963	0.0259921	0.0168732	0.0129339	0.0172446	0.0235715	0.6221	
IV        	0.040422	0.00328073	0.0194537	-1.11022e-16	0.00688419	0.00512796	0.00410495	0.00768183	0.0111463	0.00408564	0.0031109	0.0021655	0.00347446	0.00683542	0.00365353	0.00276329	0.606654	
V         	0.0241299	0.00312472	0.0152988	0.00688419	5.55112e-17	0.00837689	0.00227481	0.00274401	0.00842475	0.00544853	0.0039817	0.00693736	0.00382018	0.00486837	0.00457391	0.00902569	0.621302	
VI        	0.0292992	0.00666552	0.0161115	0.00512796	0.00837689	0	0.00724268	0.00754691	0.00774722	0.00609543	0.00658121	0.00801743	0.00783782	0.00744054	0.0066074	0.00808734	0.614152	
VII       	0.0304685	0.00247898	0.0159538	0.00410495	0.00227481	0.00724268	0	0.0041968	0.0105503	0.00464225	0.00187405	0.0038443	0.0020577	0.00492734	0.0038185	0.0069246	0.614254	
VIII      	0.0187624	0.00403566	0.0103843	0.00768183	0.00274401	0.00754691	0.0041968	-1.11022e-16	0.00792026	0.00324697	0.00564643	0.00919334	0.00449066	0.00265885	0.00447729	0.0100286	0.624677	
IX        	0.0323653	0.00669448	0.0213675	0.0111463	0.00842475	0.00774722	0.0105503	0.00792026	-1.11022e-16	0.0120602	0.00855966	0.0118417	0.0121203	0.0117232	0.0100888	0.00797668	0.615807	
X         	0.0242343	0.00447522	0.0124828	0.00408564	0.00544853	0.00609543	0.00464225	0.00324697	0.0120602	0	0.00522468	0.00650159	0.00394763	0.00232006	0.00487974	0.0086367	0.63056	
XI        	0.0341861	0.00184197	0.0166963	0.0031109	0.0039817	0.00658121	0.00187405	0.00564643	0.00855966	0.00522468	-1.11022e-16	0.00433495	0.00341326	0.00629398	0.00366233	0.00418838	0.618788	
XII       	0.0476444	0.00425991	0.0259921	0.0021655	0.00693736	0.00801743	0.0038443	0.00919334	0.0118417	0.00650159	0.00433495	0	0.00370313	0.00803334	0.00382168	0.00404957	0.604525	
XIII      	0.0284859	0.00308525	0.0168732	0.00347446	0.00382018	0.00783782	0.0020577	0.00449066	0.0121203	0.00394763	0.00341326	0.00370313	5.55112e-17	0.00393388	0.00220006	0.0060157	0.615126	
XIV       	0.0206182	0.00493152	0.0129339	0.00683542	0.00486837	0.00744054	0.00492734	0.00265885	0.0117232	0.00232006	0.00629398	0.00803334	0.00393388	-1.11022e-16	0.00415038	0.00933452	0.62871	
XV        	0.0340048	0.00317362	0.0172446	0.00365353	0.00457391	0.0066074	0.0038185	0.00447729	0.0100888	0.00487974	0.00366233	0.00382168	0.00220006	0.00415038	0	0.0041516	0.610896	
XVI       	0.0473491	0.00477728	0.0235715	0.00276329	0.00902569	0.00808734	0.0069246	0.0100286	0.00797668	0.0086367	0.00418838	0.00404957	0.0060157	0.00933452	0.0041516	-1.11022e-16	0.606857	
Mit       	0.643841	0.615851	0.6221	0.606654	0.621302	0.614152	0.614254	0.624677	0.615807	0.63056	0.618788	0.604525	0.615126	0.62871	0.610896	0.606857	0	
