17
I         	-1.11022e-16	0.00663557	0.00513005	0.00843925	0.00622707	0.00822577	0.00752008	0.00427383	0.00690712	0.00524645	0.00904893	0.00845155	0.00712726	0.00540522	0.00768467	0.0105532	0.617638	
II        	0.00663557	0	0.00352347	0.000810337	0.000941931	0.00171147	0.000635694	0.00106519	0.00154488	0.00118627	0.000711903	0.000861248	0.000712885	0.000989722	0.000740972	0.000919388	0.595153	
III       	0.00513005	0.00352347	0	0.0039394	0.00340124	0.00289805	0.00366061	0.00206398	0.00477349	0.00289347	0.00451162	0.0042194	0.00331433	0.0025994	0.00364017	0.00480828	0.589457	
IV        	0.00843925	0.000810337	0.0039394	0	0.00132873	0.00107324	0.00054216	0.00152912	0.00251209	0.000661928	0.000352833	0.000214262	0.000509466	0.000889639	0.00067113	0.000453646	0.598503	
V         	0.00622707	0.000941931	0.00340124	0.00132873	0	0.00215906	0.000808221	0.00102908	0.00203998	0.00162203	0.00120471	0.00130616	0.00112577	0.00114321	0.000680464	0.00175318	0.591968	
VI        	0.00822577	0.00171147	0.00289805	0.00107324	0.00215906	-1.11022e-16	0.00139217	0.00187662	0.00304177	0.0013347	0.00109765	0.000902609	0.0012651	0.00124348	0.00136829	0.00148885	0.592883	
VII       	0.00752008	0.000635694	0.00366061	0.00054216	0.000808221	0.00139217	0	0.00120267	0.00242876	0.00104511	0.000461247	0.000469832	0.000311918	0.000777778	0.000682384	0.00101832	0.592688	
VIII      	0.00427383	0.00106519	0.00206398	0.00152912	0.00102908	0.00187662	0.00120267	0	0.00110735	0.0010491	0.0016313	0.00170791	0.00143166	0.000652418	0.00113189	0.00204607	0.601034	
IX        	0.00690712	0.00154488	0.00477349	0.00251209	0.00203998	0.00304177	0.00242876	0.00110735	0	0.00255358	0.00221313	0.00260726	0.00284143	0.00209911	0.00178866	0.00206932	0.598903	
X         	0.00524645	0.00118627	0.00289347	0.000661928	0.00162203	0.0013347	0.00104511	0.0010491	0.00255358	5.55112e-17	0.00114054	0.00080809	0.000822635	0.000575173	0.00125401	0.00156425	0.610579	
XI        	0.00904893	0.000711903	0.00451162	0.000352833	0.00120471	0.00109765	0.000461247	0.0016313	0.00221313	0.00114054	5.55112e-17	0.000326754	0.000679098	0.00107075	0.000584492	0.000504536	0.594824	
XII       	0.00845155	0.000861248	0.0042194	0.000214262	0.00130616	0.000902609	0.000469832	0.00170791	0.00260726	0.00080809	0.000326754	1.11022e-16	0.000354655	0.000877824	0.000677065	0.000598566	0.594475	
XIII      	0.00712726	0.000712885	0.00331433	0.000509466	0.00112577	0.0012651	0.000311918	0.00143166	0.00284143	0.000822635	0.000679098	0.000354655	0	0.000686206	0.000651782	0.00105718	0.5927	
XIV       	0.00540522	0.000989722	0.0025994	0.000889639	0.00114321	0.00124348	0.000777778	0.000652418	0.00209911	0.000575173	0.00107075	0.000877824	0.000686206	5.55112e-17	0.00076988	0.00143761	0.601194	
XV        	0.00768467	0.000740972	0.00364017	0.00067113	0.000680464	0.00136829	0.000682384	0.00113189	0.00178866	0.00125401	0.000584492	0.000677065	0.000651782	0.00076988	1.11022e-16	0.000733332	0.590989	
XVI       	0.0105532	0.000919388	0.00480828	0.000453646	0.00175318	0.00148885	0.00101832	0.00204607	0.00206932	0.00156425	0.000504536	0.000598566	0.00105718	0.00143761	0.000733332	0	0.591182	
Mit       	0.617638	0.595153	0.589457	0.598503	0.591968	0.592883	0.592688	0.601034	0.598903	0.610579	0.594824	0.594475	0.5927	0.601194	0.590989	0.591182	-1.11022e-16	
