17
I         	0	106.383	5.96552	329.624	48.0982	2.63557	187.314	45.2097	21.4193	88.0331	70.7114	179.703	137.52	96.6034	186.541	145.441	84.5617	
II        	106.383	0	69.0991	70.1734	13.8213	86.7392	14.0214	15.3526	36.2327	2.40856	5.44541	12.0336	3.62212	1.74122	13.8066	4.7985	213.232	
III       	5.96552	69.0991	0	264.819	24.1165	2.56902	137.573	22.0841	7.18405	54.3262	40.746	131.089	94.8935	61.2475	136.919	101.565	92.8237	
IV        	329.624	70.1734	264.819	0	139.037	296.504	24.1481	143.977	198.163	86.9432	106.42	27.2014	47.9783	78.8114	24.456	43.3855	438.889	
V         	48.0982	13.8213	24.1165	139.037	0	35.0165	51.0101	1.47574	7.22349	7.93219	3.82346	47	26.3534	10.5598	50.5902	29.9522	148.266	
VI        	2.63557	86.7392	2.56902	296.504	35.0165	0	161.556	32.5831	13.1666	70.169	54.5839	154.5	115.245	77.9544	160.845	122.497	87.0315	
VII       	187.314	14.0214	137.573	24.1481	51.0101	161.556	0	54.0629	89.6996	21.852	32.0255	1.61843	5.67763	17.9736	1.41891	4.386	294.762	
VIII      	45.2097	15.3526	22.0841	143.977	1.47574	32.5831	54.0629	0	6.20429	9.05597	4.52695	49.9231	28.5312	11.8646	53.6239	32.2894	146.296	
IX        	21.4193	36.2327	7.18405	198.163	7.22349	13.1666	89.6996	6.20429	0	25.8241	16.9262	84.2512	55.6727	30.5651	89.1091	60.8481	119.533	
X         	88.0331	2.40856	54.3262	86.9432	7.93219	70.169	21.852	9.05597	25.8241	0	2.56681	19.2487	7.44875	1.65229	21.5764	9.3278	193.873	
XI        	70.7114	5.44541	40.746	106.42	3.82346	54.5839	32.0255	4.52695	16.9262	2.56681	0	29.0058	13.5117	3.85509	31.7217	16.004	172.405	
XII       	179.703	12.0336	131.089	27.2014	47	154.5	1.61843	49.9231	84.2512	19.2487	29.0058	0	4.60135	15.5257	1.57593	3.567	290.594	
XIII      	137.52	3.62212	94.8935	47.9783	26.3534	115.245	5.67763	28.5312	55.6727	7.44875	13.5117	4.60135	0	5.4441	5.56252	1.55272	244.684	
XIV       	96.6034	1.74122	61.2475	78.8114	10.5598	77.9544	17.9736	11.8646	30.5651	1.65229	3.85509	15.5257	5.4441	0	17.6922	7.04205	205.053	
XV        	186.541	13.8066	136.919	24.456	50.5902	160.845	1.41891	53.6239	89.1091	21.5764	31.7217	1.57593	5.56252	17.6922	0	4.28471	294.788	
XVI       	145.441	4.7985	101.565	43.3855	29.9522	122.497	4.386	32.2894	60.8481	9.3278	16.004	3.567	1.55272	7.04205	4.28471	0	251.824	
Mit       	84.5617	213.232	92.8237	438.889	148.266	87.0315	294.762	146.296	119.533	193.873	172.405	290.594	244.684	205.053	294.788	251.824	0	
