17
I         	0	0.00588353	0.00499607	0.00782159	0.00534116	0.00494015	0.00713511	0.00481783	0.00410253	0.00533872	0.00732467	0.0056909	0.0064512	0.00446211	0.00682753	0.00747089	0.182078	
II        	0.00588353	0	0.00316648	0.00240093	0.00201465	0.00266918	0.00183663	0.00171066	0.00320205	0.001877	0.00180416	0.00168967	0.00140206	0.00225644	0.00166788	0.00192575	0.178348	
III       	0.00499607	0.00316648	0	0.00426164	0.00248061	0.00279302	0.00369085	0.00225779	0.00369845	0.00258133	0.0040393	0.00308327	0.00321604	0.00255848	0.00346824	0.00396941	0.178128	
IV        	0.00782159	0.00240093	0.00426164	0	0.00321056	0.00412551	0.00119098	0.00330857	0.00518849	0.00280174	0.00104562	0.00277549	0.00168879	0.00388218	0.00156595	0.00112171	0.176793	
V         	0.00534116	0.00201465	0.00248061	0.00321056	0	0.00251453	0.00248289	0.00149864	0.00294923	0.00167168	0.00274939	0.00176057	0.00210192	0.00200345	0.00213014	0.0027738	0.178123	
VI        	0.00494015	0.00266918	0.00279302	0.00412551	0.00251453	0	0.00358252	0.00227657	0.00264448	0.00226442	0.00355074	0.00181153	0.00290453	0.00163734	0.00333834	0.00358631	0.179267	
VII       	0.00713511	0.00183663	0.00369085	0.00119098	0.00248289	0.00358252	0	0.00264895	0.00458323	0.00232881	0.00101679	0.00222667	0.0010418	0.00324096	0.00132291	0.00136237	0.17713	
VIII      	0.00481783	0.00171066	0.00225779	0.00330857	0.00149864	0.00227657	0.00264895	0	0.00239763	0.00161172	0.0028145	0.00190403	0.00217674	0.00143429	0.002288	0.00289082	0.178768	
IX        	0.00410253	0.00320205	0.00369845	0.00518849	0.00294923	0.00264448	0.00458323	0.00239763	0	0.00322341	0.00453145	0.00306889	0.00403242	0.00233718	0.00408681	0.00447172	0.180196	
X         	0.00533872	0.001877	0.00258133	0.00280174	0.00167168	0.00226442	0.00232881	0.00161172	0.00322341	0	0.00247631	0.00126054	0.00171292	0.00168671	0.00218536	0.00249204	0.178632	
XI        	0.00732467	0.00180416	0.0040393	0.00104562	0.00274939	0.00355074	0.00101679	0.0028145	0.00453145	0.00247631	0	0.00225384	0.00137022	0.003347	0.00123456	0.00101193	0.177347	
XII       	0.0056909	0.00168967	0.00308327	0.00277549	0.00176057	0.00181153	0.00222667	0.00190403	0.00306889	0.00126054	0.00225384	0	0.00154575	0.00174289	0.00216247	0.00228629	0.178599	
XIII      	0.0064512	0.00140206	0.00321604	0.00168879	0.00210192	0.00290453	0.0010418	0.00217674	0.00403242	0.00171292	0.00137022	0.00154575	0	0.00253565	0.00130505	0.00155938	0.177762	
XIV       	0.00446211	0.00225644	0.00255848	0.00388218	0.00200345	0.00163734	0.00324096	0.00143429	0.00233718	0.00168671	0.003347	0.00174289	0.00253565	0	0.00293544	0.00338419	0.179576	
XV        	0.00682753	0.00166788	0.00346824	0.00156595	0.00213014	0.00333834	0.00132291	0.002288	0.00408681	0.00218536	0.00123456	0.00216247	0.00130505	0.00293544	0	0.00126252	0.177385	
XVI       	0.00747089	0.00192575	0.00396941	0.00112171	0.0027738	0.00358631	0.00136237	0.00289082	0.00447172	0.00249204	0.00101193	0.00228629	0.00155938	0.00338419	0.00126252	0	0.177165	
Mit       	0.182078	0.178348	0.178128	0.176793	0.178123	0.179267	0.17713	0.178768	0.180196	0.178632	0.177347	0.178599	0.177762	0.179576	0.177385	0.177165	0	
