17
I         	0	0.0381749	0.0301756	0.0500411	0.0327953	0.0339298	0.0454466	0.0307674	0.0273644	0.0343719	0.0468276	0.037341	0.0421328	0.029246	0.0428391	0.0483502	0.876804	
II        	0.0381749	0	0.0196117	0.0153691	0.0121409	0.0165421	0.0118545	0.0109261	0.0209177	0.0110835	0.0118953	0.0100777	0.009078	0.0131107	0.00988577	0.012121	0.85495	
III       	0.0301756	0.0196117	0	0.0272986	0.0164712	0.0165132	0.023766	0.0130935	0.020172	0.0161758	0.0255066	0.0189221	0.020523	0.0150674	0.0206599	0.0255756	0.857421	
IV        	0.0500411	0.0153691	0.0272986	0	0.0211285	0.02564	0.00804558	0.022184	0.0347822	0.0161656	0.00693967	0.016386	0.0102247	0.0228065	0.00997855	0.00725504	0.847526	
V         	0.0327953	0.0121409	0.0164712	0.0211285	0	0.0163205	0.0167123	0.00940964	0.0179063	0.0112279	0.0173725	0.0121699	0.0138927	0.0110169	0.0121417	0.0179412	0.856118	
VI        	0.0339298	0.0165421	0.0165132	0.02564	0.0163205	0	0.0225129	0.0144053	0.015896	0.0154521	0.021251	0.0112274	0.0184881	0.0107849	0.0192725	0.0213731	0.862182	
VII       	0.0454466	0.0118545	0.023766	0.00804558	0.0167123	0.0225129	0	0.0176987	0.030496	0.0128453	0.00623952	0.0131987	0.00662254	0.0190427	0.00840838	0.00873146	0.849252	
VIII      	0.0307674	0.0109261	0.0130935	0.022184	0.00940964	0.0144053	0.0176987	0	0.0149802	0.0107439	0.0187107	0.0126527	0.0139552	0.00862677	0.0142682	0.0188612	0.85811	
IX        	0.0273644	0.0209177	0.020172	0.0347822	0.0179063	0.015896	0.030496	0.0149802	0	0.0198433	0.0306344	0.0190647	0.0263124	0.0135144	0.0256355	0.0301245	0.864856	
X         	0.0343719	0.0110835	0.0161758	0.0161656	0.0112279	0.0154521	0.0128453	0.0107439	0.0198433	0	0.014147	0.00796191	0.0102967	0.00890339	0.0107986	0.0155479	0.858978	
XI        	0.0468276	0.0118953	0.0255066	0.00693967	0.0173725	0.021251	0.00623952	0.0187107	0.0306344	0.014147	0	0.0127683	0.0083274	0.0193899	0.00784043	0.00668422	0.849237	
XII       	0.037341	0.0100777	0.0189221	0.016386	0.0121699	0.0112274	0.0131987	0.0126527	0.0190647	0.00796191	0.0127683	0	0.00998348	0.00982105	0.0111809	0.0133092	0.85804	
XIII      	0.0421328	0.009078	0.020523	0.0102247	0.0138927	0.0184881	0.00662254	0.0139552	0.0263124	0.0102967	0.0083274	0.00998348	0	0.0155614	0.00724073	0.010314	0.852718	
XIV       	0.029246	0.0131107	0.0150674	0.0228065	0.0110169	0.0107849	0.0190427	0.00862677	0.0135144	0.00890339	0.0193899	0.00982105	0.0155614	0	0.0157494	0.0193265	0.863395	
XV        	0.0428391	0.00988577	0.0206599	0.00997855	0.0121417	0.0192725	0.00840838	0.0142682	0.0256355	0.0107986	0.00784043	0.0111809	0.00724073	0.0157494	0	0.00799489	0.849675	
XVI       	0.0483502	0.012121	0.0255756	0.00725504	0.0179412	0.0213731	0.00873146	0.0188612	0.0301245	0.0155479	0.00668422	0.0133092	0.010314	0.0193265	0.00799489	0	0.848866	
Mit       	0.876804	0.85495	0.857421	0.847526	0.856118	0.862182	0.849252	0.85811	0.864856	0.858978	0.849237	0.85804	0.852718	0.863395	0.849675	0.848866	0	
