17
I         	0	0.716898	0.272922	0.849731	0.600946	0.147864	0.788987	0.590853	0.476677	0.691189	0.654583	0.786489	0.75098	0.706498	0.789055	0.757187	0.688494	
II        	0.716898	0	0.61063	0.469206	0.290566	0.667773	0.254642	0.308066	0.45903	0.0832517	0.180405	0.245818	0.120389	0.0355893	0.254879	0.142314	0.894511	
III       	0.272922	0.61063	0	0.793325	0.451154	0.146757	0.70978	0.437273	0.280238	0.575271	0.524924	0.706344	0.657506	0.596327	0.709872	0.666043	0.740748	
IV        	0.849731	0.469206	0.793325	0	0.623437	0.823656	0.287868	0.632726	0.712856	0.513396	0.564964	0.296199	0.396559	0.488013	0.287641	0.381133	0.944007	
V         	0.600946	0.290566	0.451154	0.623437	0	0.531701	0.471218	0.0246885	0.237462	0.226141	0.134409	0.464958	0.375974	0.264506	0.471386	0.391528	0.851305	
VI        	0.147864	0.667773	0.146757	0.823656	0.531701	0	0.752372	0.519857	0.385869	0.637603	0.594645	0.74944	0.70777	0.655569	0.752451	0.715054	0.71434	
VII       	0.788987	0.254642	0.70978	0.287868	0.471218	0.752372	0	0.484262	0.596783	0.316694	0.389108	0.0149065	0.152628	0.281052	0.00434443	0.130967	0.921373	
VIII      	0.590853	0.308066	0.437273	0.632726	0.0246885	0.519857	0.484262	0	0.218176	0.24523	0.155761	0.478156	0.391367	0.282649	0.484426	0.406538	0.847545	
IX        	0.476677	0.45903	0.280238	0.712856	0.237462	0.385869	0.596783	0.218176	0	0.409903	0.339954	0.59201	0.524157	0.439158	0.596912	0.536017	0.805	
X         	0.691189	0.0832517	0.575271	0.513396	0.226141	0.637603	0.316694	0.24523	0.409903	0	0.105976	0.308605	0.193618	0.0495763	0.316912	0.213718	0.884931	
XI        	0.654583	0.180405	0.524924	0.564964	0.134409	0.594645	0.389108	0.155761	0.339954	0.105976	0	0.381876	0.279075	0.150298	0.389303	0.297045	0.871291	
XII       	0.786489	0.245818	0.706344	0.296199	0.464958	0.74944	0.0149065	0.478156	0.59201	0.308605	0.381876	0	0.142596	0.27254	0.0135794	0.120678	0.920442	
XIII      	0.75098	0.120389	0.657506	0.396559	0.375974	0.70777	0.152628	0.391367	0.524157	0.193618	0.279075	0.142596	0	0.151555	0.152897	0.0252294	0.907211	
XIV       	0.706498	0.0355893	0.596327	0.488013	0.264506	0.655569	0.281052	0.282649	0.439158	0.0495763	0.150298	0.27254	0.151555	0	0.28128	0.172703	0.890636	
XV        	0.789055	0.254879	0.709872	0.287641	0.471386	0.752451	0.00434443	0.484426	0.596912	0.316912	0.389303	0.0135794	0.152897	0.28128	0	0.131243	0.921398	
XVI       	0.757187	0.142314	0.666043	0.381133	0.391528	0.715054	0.130967	0.406538	0.536017	0.213718	0.297045	0.120678	0.0252294	0.172703	0.131243	0	0.909524	
Mit       	0.688494	0.894511	0.740748	0.944007	0.851305	0.71434	0.921373	0.847545	0.805	0.884931	0.871291	0.920442	0.907211	0.890636	0.921398	0.909524	0	
