17
I         	-1.11022e-16	0.0379392	0.0216621	0.0430851	0.0280131	0.0337922	0.0329398	0.024318	0.0362232	0.0285354	0.0409774	0.0457898	0.0350102	0.0262797	0.0376456	0.0493044	0.64407	
II        	0.0379392	0	0.0202295	0.0081645	0.0105179	0.0166173	0.0119298	0.0091041	0.0118131	0.0108633	0.0099649	0.00711935	0.00805091	0.0117192	0.0115126	0.011606	0.617809	
III       	0.0216621	0.0202295	0	0.0245917	0.02314	0.0225043	0.0249211	0.0154763	0.0296428	0.0184361	0.0237278	0.0291288	0.0223343	0.017667	0.0223622	0.0289648	0.620973	
IV        	0.0430851	0.0081645	0.0245917	1.11022e-16	0.00934124	0.0101945	0.00701491	0.00867759	0.0166483	0.00771586	0.00749624	0.00336831	0.00584124	0.00966462	0.00676312	0.00443838	0.608646	
V         	0.0280131	0.0105179	0.02314	0.00934124	0	0.0151932	0.00621428	0.00593228	0.0134113	0.00920447	0.0101514	0.00883029	0.00901071	0.00875889	0.0100835	0.0116088	0.62144	
VI        	0.0337922	0.0166173	0.0225043	0.0101945	0.0151932	-1.11022e-16	0.0132238	0.0125372	0.0163902	0.0120444	0.0117883	0.0141062	0.017462	0.0143781	0.00953837	0.0128383	0.614548	
VII       	0.0329398	0.0119298	0.0249211	0.00701491	0.00621428	0.0132238	5.55112e-17	0.00740788	0.0182688	0.00743893	0.00787002	0.00687054	0.00652416	0.00631583	0.00571869	0.00896844	0.615057	
VIII      	0.024318	0.0091041	0.0154763	0.00867759	0.00593228	0.0125372	0.00740788	0	0.0149162	0.00728489	0.0106193	0.0100022	0.010615	0.00642316	0.00830572	0.0127849	0.625222	
IX        	0.0362232	0.0118131	0.0296428	0.0166483	0.0134113	0.0163902	0.0182688	0.0149162	5.55112e-17	0.0162719	0.0130812	0.0160157	0.0143552	0.0154724	0.0155436	0.0124364	0.616037	
X         	0.0285354	0.0108633	0.0184361	0.00771586	0.00920447	0.0120444	0.00743893	0.00728489	0.0162719	1.11022e-16	0.00780284	0.00956009	0.00685439	0.00399098	0.00643793	0.0097556	0.630687	
XI        	0.0409774	0.0099649	0.0237278	0.00749624	0.0101514	0.0117883	0.00787002	0.0106193	0.0130812	0.00780284	1.11022e-16	0.00922949	0.00648714	0.00888716	0.0070256	0.0078956	0.619833	
XII       	0.0457898	0.00711935	0.0291288	0.00336831	0.00883029	0.0141062	0.00687054	0.0100022	0.0160157	0.00956009	0.00922949	-1.11022e-16	0.00706639	0.011679	0.00901195	0.0075134	0.606894	
XIII      	0.0350102	0.00805091	0.0223343	0.00584124	0.00901071	0.017462	0.00652416	0.010615	0.0143552	0.00685439	0.00648714	0.00706639	5.55112e-17	0.00647446	0.00638568	0.00819988	0.614789	
XIV       	0.0262797	0.0117192	0.017667	0.00966462	0.00875889	0.0143781	0.00631583	0.00642316	0.0154724	0.00399098	0.00888716	0.011679	0.00647446	-1.11022e-16	0.00566203	0.0101475	0.629034	
XV        	0.0376456	0.0115126	0.0223622	0.00676312	0.0100835	0.00953837	0.00571869	0.00830572	0.0155436	0.00643793	0.0070256	0.00901195	0.00638568	0.00566203	5.55112e-17	0.00595816	0.611591	
XVI       	0.0493044	0.011606	0.0289648	0.00443838	0.0116088	0.0128383	0.00896844	0.0127849	0.0124364	0.0097556	0.0078956	0.0075134	0.00819988	0.0101475	0.00595816	0	0.607474	
Mit       	0.64407	0.617809	0.620973	0.608646	0.62144	0.614548	0.615057	0.625222	0.616037	0.630687	0.619833	0.606894	0.614789	0.629034	0.611591	0.607474	0	
