17
I         	0	102.783	5.84674	319.305	46.8033	2.52705	181.492	43.8612	20.7012	85.5527	68.2371	174.156	133.188	93.7863	180.762	140.776	61.3206	
II        	102.783	0	66.437	68.2006	13.1778	83.8824	13.7096	14.766	35.0287	2.26741	5.30494	11.7762	3.56387	1.67115	13.5001	4.70368	182.296	
III       	5.84674	66.437	0	256.012	23.348	2.52484	132.938	21.2984	6.83334	52.5988	39.0595	126.682	91.592	59.2407	132.323	97.9599	69.2	
IV        	319.305	68.2006	256.012	0	134.308	287.396	23.4029	139.385	192.104	83.9681	103.386	26.3567	46.5221	76.1926	23.6834	42.0981	402.146	
V         	46.8033	13.1778	23.348	134.308	0	34.1714	49.2293	1.44775	7.10832	7.67674	3.61196	45.3556	25.365	10.1955	48.831	28.8042	121.421	
VI        	2.52705	83.8824	2.52484	287.396	34.1714	0	156.677	31.6698	12.7692	68.3033	52.7749	149.886	111.739	75.7851	156.012	118.715	63.5312	
VII       	181.492	13.7096	132.938	23.4029	49.2293	156.677	0	52.3617	87.025	21.0588	31.2201	1.59223	5.54847	17.3606	1.40497	4.28693	262.355	
VIII      	43.8612	14.766	21.2984	139.385	1.44775	31.6698	52.3617	0	6.0729	8.85503	4.32824	48.3605	27.6104	11.5665	51.9509	31.2002	118.577	
IX        	20.7012	35.0287	6.83334	192.104	7.10832	12.7692	87.025	6.0729	0	25.2174	16.3446	81.7724	53.9999	29.7888	86.4801	58.9938	92.9774	
X         	85.5527	2.26741	52.5988	83.9681	7.67674	68.3033	21.0588	8.85503	25.2174	0	2.53427	18.5733	7.15688	1.63987	20.7957	8.93161	164.248	
XI        	68.2371	5.30494	39.0595	103.386	3.61196	52.7749	31.2201	4.32824	16.3446	2.53427	0	28.3062	13.2036	3.80993	30.9364	15.6144	143.14	
XII       	174.156	11.7762	126.682	26.3567	45.3556	149.886	1.59223	48.3605	81.7724	18.5733	28.3062	0	4.50699	15.013	1.53917	3.50722	257.865	
XIII      	133.188	3.56387	91.592	46.5221	25.365	111.739	5.54847	27.6104	53.9999	7.15688	13.2036	4.50699	0	5.25795	5.4349	1.52629	213.362	
XIV       	93.7863	1.67115	59.2407	76.1926	10.1955	75.7851	17.3606	11.5665	29.7888	1.63987	3.80993	15.013	5.25795	0	17.0926	6.76998	174.994	
XV        	180.762	13.5001	132.323	23.6834	48.831	156.012	1.40497	51.9509	86.4801	20.7957	30.9364	1.53917	5.4349	17.0926	0	4.19835	262.269	
XVI       	140.776	4.70368	97.9599	42.0981	28.8042	118.715	4.28693	31.2002	58.9938	8.93161	15.6144	3.50722	1.52629	6.76998	4.19835	0	220.147	
Mit       	61.3206	182.296	69.2	402.146	121.421	63.5312	262.355	118.577	92.9774	164.248	143.14	257.865	213.362	174.994	262.269	220.147	0	
