17
I         	-1.11022e-16	0.00949169	0.00874636	0.00979335	0.00800359	0.011218	0.00942411	0.00653441	0.00915321	0.00724863	0.0112602	0.0098509	0.00889859	0.00748854	0.00963562	0.0122053	0.616309	
II        	0.00949169	-1.11022e-16	0.00489362	0.00253343	0.00325973	0.00470754	0.00272759	0.00274221	0.00284012	0.00239525	0.00255064	0.0019809	0.00173201	0.00284085	0.00238006	0.00276391	0.595296	
III       	0.00874636	0.00489362	0	0.00593844	0.00581125	0.00489858	0.00586913	0.00349865	0.00708913	0.00457045	0.00621192	0.0060692	0.0048415	0.00424511	0.00525353	0.00641642	0.58966	
IV        	0.00979335	0.00253343	0.00593844	5.55112e-17	0.00211357	0.00219574	0.00110455	0.00222816	0.00402511	0.00167043	0.00135867	0.000590836	0.0011179	0.00150149	0.00134052	0.000911181	0.598331	
V         	0.00800359	0.00325973	0.00581125	0.00211357	0	0.00362408	0.00168145	0.00167931	0.00397728	0.00288215	0.00215868	0.0019795	0.00216939	0.00215169	0.00176814	0.00225065	0.591364	
VI        	0.011218	0.00470754	0.00489858	0.00219574	0.00362408	0	0.00279011	0.0028904	0.00532276	0.00299086	0.00251705	0.00247016	0.00321082	0.00247434	0.00251778	0.00256091	0.592897	
VII       	0.00942411	0.00272759	0.00586913	0.00110455	0.00168145	0.00279011	0	0.00199869	0.00418761	0.00186514	0.00153317	0.0011716	0.000957485	0.00109634	0.00099343	0.0013423	0.59216	
VIII      	0.00653441	0.00274221	0.00349865	0.00222816	0.00167931	0.0028904	0.00199869	0	0.00316286	0.00212059	0.00235235	0.00236019	0.00235805	0.00149624	0.00180144	0.00266588	0.601528	
IX        	0.00915321	0.00284012	0.00708913	0.00402511	0.00397728	0.00532276	0.00418761	0.00316286	-1.11022e-16	0.00343997	0.00350397	0.00383765	0.00378238	0.00329203	0.00333723	0.00328941	0.597512	
X         	0.00724863	0.00239525	0.00457045	0.00167043	0.00288215	0.00299086	0.00186514	0.00212059	0.00343997	0	0.00186446	0.00156276	0.00143973	0.00124709	0.00190377	0.00210192	0.60966	
XI        	0.0112602	0.00255064	0.00621192	0.00135867	0.00215868	0.00251705	0.00153317	0.00235235	0.00350397	0.00186446	-1.11022e-16	0.00100491	0.00133254	0.00190683	0.0013777	0.0011166	0.594449	
XII       	0.0098509	0.0019809	0.0060692	0.000590836	0.0019795	0.00247016	0.0011716	0.00236019	0.00383765	0.00156276	0.00100491	0	0.000950357	0.00173372	0.00142435	0.00112738	0.594025	
XIII      	0.00889859	0.00173201	0.0048415	0.0011179	0.00216939	0.00321082	0.000957485	0.00235805	0.00378238	0.00143973	0.00133254	0.000950357	0	0.00111025	0.00127786	0.00156739	0.5922	
XIV       	0.00748854	0.00284085	0.00424511	0.00150149	0.00215169	0.00247434	0.00109634	0.00149624	0.00329203	0.00124709	0.00190683	0.00173372	0.00111025	-1.11022e-16	0.00120846	0.00172373	0.600694	
XV        	0.00963562	0.00238006	0.00525353	0.00134052	0.00176814	0.00251778	0.00099343	0.00180144	0.00333723	0.00190377	0.0013777	0.00142435	0.00127786	0.00120846	0	0.00115781	0.590885	
XVI       	0.0122053	0.00276391	0.00641642	0.000911181	0.00225065	0.00256091	0.0013423	0.00266588	0.00328941	0.00210192	0.0011166	0.00112738	0.00156739	0.00172373	0.00115781	5.55112e-17	0.590448	
Mit       	0.616309	0.595296	0.58966	0.598331	0.591364	0.592897	0.59216	0.601528	0.597512	0.60966	0.594449	0.594025	0.5922	0.600694	0.590885	0.590448	1.11022e-16	
